092-disco-schillinger - grid visualization (phase-2)
rows = voices, cols = 24 bars x 8 half-beat slots
bar = 1920 ticks @ 480 TPB (118 BPM), section = 4 bars

Lead(trp)  |##......#+......+#......++......##......##......##......##......##......##......##......##......##......##......##......##......##......##......##......##......##......#+......##......##......|
            bar:  7  5  6  4  9  6  7  8 10 10 10  8  9  7  8  7 10 10 10 10  7  4  7  6
Sax        |++......++......++......++......++......++......++......++......++......++......++......++......++......++......++......++......++......++......++......++......++......++......++......++......|
            bar:  4  4  4  4  4  4  4  4  4  4  4  4  4  4  4  4  4  4  4  4  4  4  4  4
Piano      |+#......+#......+#......+#......+#......+#......+#......+#......+#......+#......+#......+#......+#......+#......+#......+#......+#......+#......+#......+#......+#......+#......+#......+#......|
            bar:  5  5  5  5  5  5  5  5  5  5  5  5  5  5  5  5  5  5  5  5  5  5  5  5
Organ      |#.......#.......#.......#.......#.......#.......#.......#.......#.......#.......#.......#.......#.......#.......#.......#.......#.......#.......#.......#.......#.......#.......#.......#.......|
            bar:  3  3  3  3  3  3  3  3  3  3  3  3  3  3  3  3  3  3  3  3  3  3  3  3
Guitar     |##......##......##......##......##......##......##......##......##......##......##......##......##......##......##......##......##......##......##......##......##......##......##......##......|
            bar:  8  8  8  8  8  8  8  8  8  8  8  8  8  8  8  8  8  8  8  8  8  8  8  8
Bass       |##......##......##......##......##......##......##......##......##......##......##......##......##......##......##......##......##......##......##......##......##......##......##......##......|
            bar:  8  8  8  8  8  8  8  8  8  8  8  8  8  8  8  8  8  8  8  8  8  8  8  8
Drums      |##......##......##......##......##......##......##......##......##......##......##......##......##......##......##......##......##......##......##......##......##......##......##......##......|
            bar: 13 12 12 12 16 16 16 16 21 20 20 20 15 14 14 14 20 20 20 20 13 12 12 12

Legend: . rest | + 1-2 onsets | # 3+ onsets per half-beat slot
