096-trap-skeleton-seoul - grid visualization (phase-2)
rows = voices, cols = 24 bars x 8 eighth-note slots
bar = 1920 ticks @ 480 TPB (140 BPM half-time feel), section = 4 bars

BellLead       |+...+...+...+...+...+...+...+...+++++++++++++++++++++++++++++++++++++++++++++++++++++++++++++++++...+...+...+...+...+...+...+...+++++++++++++++++++++++++++++++++...+...+...+...+...+...+...+...|
                bar:  2  2  2  2  8  8  8  8  8  8  8  8  2  2  2  2  8  8  8  8  2  2  2  2
ViolinCtr      |+...+...+...+...+...+...+...+...+++++++++++++++++++++++++++++++++++++++++++++++++++++++++++++++++...+...+...+...+...+...+...+...+++++++++++++++++++++++++++++++++...+...+...+...+...+...+...+...|
                bar:  2  2  2  2  8  8  8  8  8  8  8  8  2  2  2  2  8  8  8  8  2  2  2  2
PianoStab      |#.#.#.#.#.#.#.#.#.#.#.#.#.#.#.#.#.#.#.#.#.#.#.#.#.#.#.#.#.#.#.#.#.#.#.#.#.#.#.#.#.#.#.#.#.#.#.#.#.#.#.#.#.#.#.#.#.#.#.#.#.#.#.#.#.#.#.#.#.#.#.#.#.#.#.#.#.#.#.#.#.#.#.#.#.#.#.#.#.#.#.#.#.#.#.#.|
                bar: 12 12 12 12 12 12 12 12 12 12 12 12 12 12 12 12 12 12 12 12 12 12 12 12
Sub808         |+.......+.......+.......+.......+...+.+.+...+.+.+...+.+.+...+.+.+...+.+.+...+.+.+...+.+.+...+.+.+.......+.......+.......+.......+...+.+.+...+.+.+...+.+.+...+.+.+.......+.......+.......+.......|
                bar:  1  1  1  1  3  3  3  3  3  3  3  3  1  1  1  1  3  3  3  3  1  1  1  1
BrassStab      |.+.+.+.+.+.+.+.+.+.+.+.+.+.+.+.+.+.+.+.+.+.+.+.+.+.+.+.+.+.+.+.+.+.+.+.+.+.+.+.+.+.+.+.+.+.+.+.+.+.+.+.+.+.+.+.+.+.+.+.+.+.+.+.+.+.+.+.+.+.+.+.+.+.+.+.+.+.+.+.+.+.+.+.+.+.+.+.+.+.+.+.+.+.+.+.+|
                bar:  4  4  4  4  4  4  4  5  4  4  4  5  4  4  4  4  4  4  4  5  4  4  4  4
Drums          |#.+.+.+.+.+.+.+.+.+.+.+.+.+.+.+.++++++++++++++++++++++++++++++++#+++++++++++++++++++++++++++++++#.+.+.+.+.+.+.+.+.+.+.+.+.+.+.+.++++++++++++++++++++++++++++++++#.+.+.+.+.+.+.+.+.+.+.+.+.+.+.+.|
                bar:  7  6  6  6 11 11 11 11 13 12 12 12  7  6  6  6 12 12 12 12  7  6  6  6

Legend: . rest | + 1-2 onsets | # 3+ onsets per 8th-note slot
