095-klezmer-tintinnabuli - grid visualization (phase-2)
rows = voices, cols = 24 bars x 8 eighth-note slots
bar = 1920 ticks @ 480 TPB (124 BPM), section = 4 bars

ViolinM        |+.+++.+++.+++.+++.+++.+++.+++.+++.+++.+++.+++.+++.+++.+++.+++.+++.+++.+++.+++.+++.+++.+++.+++.+++.+++.+++.+++.+++.+++.+++.+++.+++.+++.+++.+++.+++.+++.+++.+++.+++.+++.+++.+++.+++.+++.+++.+++.++|
                bar:  6  6  6  6  6  6  6  6  6  6  6  6  6  6  6  6  6  6  6  6  6  6  6  6
ClarinetT      |+.+++.+++.+++.+++.+++.+++.+++.+++.+++.+++.+++.+++.+++.+++.+++.+++.+++.+++.+++.+++.+++.+++.+++.+++.+++.+++.+++.+++.+++.+++.+++.+++.+++.+++.+++.+++.+++.+++.+++.+++.+++.+++.+++.+++.+++.+++.+++.++|
                bar:  6  6  6  6  6  6  6  6  6  6  6  6  6  6  6  6  6  6  6  6  6  6  6  6
Trumpet        |.+.+.+.+.+.+.+.+.+.+.+.+.+.+.+.+.+.+.+.+.+.+.+.+.+.+.+.+.+.+.+.+.+.+.+.+.+.+.+.+.+.+.+.+.+.+.+.+.+.+.+.+.+.+.+.+.+.+.+.+.+.+.+.+.+.+.+.+.+.+.+.+.+.+.+.+.+.+.+.+.+.+.+.+.+.+.+.+.+.+.+.+.+.+.+.+|
                bar:  4  4  4  4  4  4  4  5  4  4  4  5  4  4  4  4  4  4  4  5  4  4  4  4
Dulcimer       |+.+.+.+.+.+.+.+.+.+.+.+.+.+.+.+.+.+.+.+.+.+.+.+.+.+.+.+.+.+.+.+.+.+.+.+.+.+.+.+.+.+.+.+.+.+.+.+.+.+.+.+.+.+.+.+.+.+.+.+.+.+.+.+.+.+.+.+.+.+.+.+.+.+.+.+.+.+.+.+.+.+.+.+.+.+.+.+.+.+.+.+.+.+.+.+.|
                bar:  8  8  8  8  8  8  8  8  8  8  8  8  8  8  8  8  8  8  8  8  8  8  8  8
Bass           |++++++++++++++++++++++++++++++++++++++++++++++++++++++++++++++++++++++++++++++++++++++++++++++++++++++++++++++++++++++++++++++++++++++++++++++++++++++++++++++++++++++++++++++++++++++++++++++++|
                bar:  8  8  8  8  8  8  8  8  8  8  8  8  8  8  8  8  8  8  8  8  8  8  8  8
Drums          |#+++++++++++++++++++++++++++++++++++++++++++++++++++++++++++++++#+++++++++++++++++++++++++++++++#+++++++++++++++++++++++++++++++++++++++++++++++++++++++++++++++#+++++++++++++++++++++++++++++++|
                bar: 11 10 10 10 16 16 16 16 17 16 16 16 13 12 12 12 16 16 16 16 11 10 10 10

Legend: . rest | + 1-2 onsets | # 3+ onsets per 8th-note slot
