093-rock-euclidean - grid visualization (phase-2)
rows = voices, cols = 24 bars x 8 eighth-note slots
bar = 1920 ticks @ 480 TPB (128 BPM), section = 4 bars

Lead(fiddle)   |++.++.+.+.++.++..++.++.+++.++.+.+.++.++..++.++.+++.++.+.+.++.++..++.++.+++.++.+.+.++.++..++.++.+++.++.+.+.++.++..++.++.+++.++.+.+.++.++..++.++.+++.++.+.+.++.++..++.++.+++.++.+.+.++.++..++.++.+|
                bar:  5  5  5  5  5  5  5  5  5  5  5  5  5  5  5  5  5  5  5  5  5  5  5  5
Guitar         |+.+.+.+.+.+.+.+.+.+.+.+.+.+.+.+.+.+.+.+.+.+.+.+.+.+.+.+.+.+.+.+.+.+.+.+.+.+.+.+.+.+.+.+.+.+.+.+.+.+.+.+.+.+.+.+.+.+.+.+.+.+.+.+.+.+.+.+.+.+.+.+.+.+.+.+.+.+.+.+.+.+.+.+.+.+.+.+.+.+.+.+.+.+.+.+.|
                bar:  8  8  8  8  8  8  8  8  8  8  8  8  8  8  8  8  8  8  8  8  8  8  8  8
Piano          |+..+..+..+..+..++.+..+..+..+..+..+..+..++.+..+..+..+..+..+..+..++.+..+..+..+..+..+..+..++.+..+..+..+..+..+..+..++.+..+..+..+..+..+..+..++.+..+..+..+..+..+..+..++.+..+..+..+..+..+..+..++.+..+..|
                bar:  3  3  3  3  3  3  3  3  3  3  3  3  3  3  3  3  3  3  3  3  3  3  3  3
Organ          |#.......#.......#.......#.......#.......#.......#.......#.......#.......#.......#.......#.......#.......#.......#.......#.......#.......#.......#.......#.......#.......#.......#.......#.......|
                bar:  3  3  3  3  3  3  3  3  3  3  3  3  3  3  3  3  3  3  3  3  3  3  3  3
Bass           |++++++++++++++++++++++++++++++++++++++++++++++++++++++++++++++++++++++++++++++++++++++++++++++++++++++++++++++++++++++++++++++++++++++++++++++++++++++++++++++++++++++++++++++++++++++++++++++++|
                bar:  8  8  8  8  8  8  8  8  8  8  8  8  8  8  8  8  8  8  8  8  8  8  8  8
Drums          |#+++++++++++++++++++++++++++++++++#+++#+++#+++#+++#+++#+++#+++#+#+#+++#+++#+++#+++#+++#+++#+++#+#+#+++#+++#+++#+++#+++#+++#+++#+++#+++#+++#+++#+++#+++#+++#+++#+#+++++++++++++++++++++++++++++++|
                bar: 13 12 12 12 14 14 14 14 15 14 14 14 15 14 14 14 14 14 14 14 13 12 12 12

Legend: . rest | + 1-2 onsets | # 3+ onsets per 8th-note slot
