091-baroque-genetic-allemande — grid visualization (phase-2)
rows = voices, cols = 24 bars (bar = 1920 ticks @ 480 TPB)

track1       |##......##......##......##......##......##......##......##......##......##......##......##......##......##......##......##......##......##......##......##......##......##......##......##......|
              bar: 11 11 12 14 11 11 12 14 11 11 12 14 11 11 12 14 11 11 12 14 11 11 12 14
track2       |++......++......++......++......++......++......++......++......++......++......++......++......++......++......++......++......++......++......++......++......++......++......++......++......|
              bar:  4  4  4  4  4  4  4  4  4  4  4  4  4  4  4  4  4  4  4  4  4  4  4  4
track3       |#.......#.......#.......+.......#.......#.......+.......#.......#.......#.......#.......#.......#.......+.......#.......+.......#.......#.......#.......#.......#.......+.......#.......#.......|
              bar:  3  3  3  1  3  3  2  3  3  3  3  3  3  2  3  2  3  3  3  3  3  2  3  3
track4       |##......##......##......##......##......##......##......##......##......##......##......##......##......##......##......##......##......##......##......##......##......##......##......##......|
              bar: 16 16 16 16 16 16 16 16 16 16 16 16 16 16 16 16 16 16 16 16 16 16 16 16
track5       |+.......+.......+.......+.......+.......+.......+.......+.......+.......+.......+.......+.......+.......+.......+.......+.......+.......+.......+.......+.......+.......+.......+.......+.......|
              bar:  1  1  1  1  1  1  1  1  1  1  1  1  1  1  1  1  1  1  1  1  1  1  1  1
track6       |##......##......##......##......++......++......++......++......##......##......##......##......+#......+#......+#......++......##......##......##......##......##......##......##......##......|
              bar:  8  8  8  8  4  4  4  4  8  8  8  8  5  5  5  4  8  8  8  8  8  8  8  8
track7       |##......##......##......##......##......##......##......##......##......##......##......##......##......##......##......##......##......##......##......##......##......##......##......##......|
              bar: 10 10 10 10 11 11 11 11 20 20 20 20 11 11 11 11 20 20 20 20 10 10 10 10